0.7761080117326192 0.24514864006684944 1.0
0.33528802646372224 0.30261509891555094 -1.0
0.9136324613625167 0.6584297951009259 -1.0
0.3401414094941856 0.48274993142196443 -1.0
0.9361375399085894 0.055456305250980775 1.0
0.32732163455420205 0.4272572985367158 1.0
0.5887287418191639 0.41696622517441684 -1.0
0.9736359620489573 0.4725444536788268 -1.0
0.7683526485913497 0.4443744204226936 1.0
0.2448368033671544 0.45731407473125474 -1.0
0.8400146076867241 0.6671314743349263 -1.0
0.06218237099821278 0.4105263583128187 -1.0
0.807357027967144 0.9115325911082325 -1.0
0.45750010259187934 0.27726082018150633 1.0
0.4237023145863148 0.7698063797505245 1.0
0.36031484077035303 0.7364958332015538 -1.0
0.7216041055801864 0.42768696044335164 1.0
0.30793874900465856 0.5136024780149013 1.0
0.47020651057965923 0.7376429753378531 -1.0
0.9345612894567258 0.8980806968765043 -1.0
0.40428245487795056 0.5047822390548553 1.0
0.7430374501866296 0.9007760141786505 1.0
0.5610534831235313 0.07158291053409249 -1.0
0.9260148073262598 0.17058642405520275 -1.0
0.9253683799572099 0.5203427654273353 1.0
0.18192407986669157 0.42158410371827537 -1.0
0.05337639496897073 0.7827966099531227 1.0
0.5223150465014335 0.6251516625288915 -1.0
0.6214432207262587 0.7678188083331587 1.0
0.7892311032433897 0.7983799852562975 1.0
0.4355004928539141 0.42527268376509963 1.0
0.7385437820398548 0.3110485040739458 -1.0
0.9922651092784902 0.4972839224570218 -1.0
0.33094174034677826 0.24344836845973916 -1.0
0.8430882332002451 0.09178165739122623 1.0
0.020259165304169602 0.00564126262638065 -1.0
0.2153103092523072 0.10996124597415913 -1.0
0.6743730985517841 0.9598603740439875 1.0
0.016117438475500956 0.8628844920519239 1.0
0.6992527733767043 0.6903898842250114 -1.0
0.6997358403979997 0.8838967044718287 -1.0
0.7060191082991281 0.4409172667037484 1.0
0.5464938744691189 0.9094556535956538 -1.0
0.20552966844609666 0.79437456991761 1.0
0.5350601301723698 0.5086234186365404 -1.0
0.9521326089627538 0.8954052842068043 1.0
0.0028736074486922503 0.5953062020436785 -1.0
0.3581692028951179 0.14417061650092944 1.0
0.15661382011251535 0.5106889628080974 1.0
0.3903150577823199 0.4590373583539493 1.0
0.36680663244978684 0.13937105717974907 -1.0
0.7322421147466806 0.39695710211731416 1.0
0.6134766688760499 0.8033047570936436 -1.0
0.9440857874790629 0.8882787738222213 -1.0
0.43315626548447905 0.7173839887858873 -1.0
0.3745497365925623 0.4537774406544436 -1.0
0.024815249211840973 0.9437373208556423 -1.0
0.6530123635809708 0.49580610852557483 -1.0
0.8446483308008531 0.2749345601795027 -1.0
0.3135645584024709 0.09187549193949063 1.0
0.32625260155074065 0.014665160587056025 -1.0
0.5558273473691866 0.8387056034015551 1.0
0.5788032688202392 0.9006758759777154 -1.0
0.2295768350638283 0.13674445481130337 -1.0
0.6739262013849735 0.5750004993987461 1.0
0.565617967103076 0.5610220215708631 1.0
0.7172594954018773 0.9987025932849313 1.0
0.7904953331440503 0.8704342838760043 1.0
0.8598595313981306 0.7235162113748717 1.0
0.560081307663344 0.5082770747182248 1.0
0.9772794969604948 0.9160015884816993 -1.0
0.40272277646440446 0.34042478751971217 1.0
0.09209423157580254 0.8614105297798477 -1.0
0.7731580527628913 0.7458911592036658 1.0
0.07350012885095125 0.21627108362956315 -1.0
0.35059131138108623 0.9351125962479048 1.0
0.295251548284861 0.5639203554160239 1.0
0.02146306192682501 0.6024843721664228 1.0
0.5306784896341525 0.5500434157603171 -1.0
0.7331348299214929 0.6543316971623373 1.0
0.10127551131791745 0.35704421283344157 1.0
0.4030359899339896 0.8312492875198081 -1.0
0.3964302670736122 0.4814455935775731 -1.0
0.36414402740557617 0.8500404314306573 -1.0
0.22442399874394003 0.9413633741937545 1.0
0.7668879475581504 0.024192364261789057 1.0
0.7490648334225383 0.06814585426821618 1.0
0.8166239271285992 0.3174595588713496 1.0
0.16252812467220445 0.9396209845528749 -1.0
0.8001051423519421 0.1340535467738514 1.0
0.7868226964538981 0.7702534264500008 1.0
0.07603786940809754 0.4998079522169325 1.0
0.6747432943697254 0.7190637275687181 -1.0
0.27406759625381194 0.8595788105215318 1.0
0.8253668483241128 0.6362035372832033 -1.0
0.899975549602902 0.14846432539880638 1.0
0.3462379812291647 0.4064892840886085 1.0
0.7861573808562804 0.8343654610022389 -1.0
0.004120420365926081 0.7230690616548349 1.0
